0 0.22318181818181818 0.5119426751592357 0.3336363636363636 0.6098726114649682
0 0.40954545454545455 0.7085987261146497 0.35363636363636364 0.46178343949044587
0 0.7236363636363636 0.7738853503184714 0.32 0.36624203821656054
0 0.9122727272727272 0.7229299363057325 0.16636363636363635 0.46178343949044587
0 0.5627272727272727 0.3049363057324841 0.36363636363636365 0.5461783439490446
0 0.8004545454545454 0.1377388535031847 0.2609090909090909 0.24681528662420382
0 0.8290909090909091 0.4856687898089172 0.1890909090909091 0.3184713375796179
0 0.1 0.7539808917197452 0.17454545454545456 0.47611464968152867
0 0.11 0.2802547770700637 0.18545454545454546 0.5
0 0.26590909090909093 0.09872611464968153 0.30818181818181817 0.15286624203821658
