0 0.38680555555555557 0.46172839506172836 0.2986111111111111 0.2222222222222222
0 0.775 0.2839506172839506 0.3 0.2271604938271605
0 0.6319444444444444 0.3753086419753086 0.2833333333333333 0.21975308641975308
0 0.6826388888888889 0.5919753086419753 0.3041666666666667 0.23333333333333334
0 0.9027777777777778 0.7037037037037037 0.19722222222222224 0.25925925925925924
0 0.8756944444444444 0.904320987654321 0.23472222222222222 0.1765432098765432
0 0.7006944444444445 0.8203703703703703 0.2847222222222222 0.2604938271604938
0 0.576388888888889 0.9376543209876543 0.30833333333333335 0.11975308641975309
0 0.40347222222222223 0.8432098765432099 0.29305555555555557 0.2345679012345679
0 0.2847222222222222 0.9469135802469135 0.2388888888888889 0.11358024691358025
0 0.13333333333333333 0.8685185185185185 0.24444444444444446 0.19382716049382714
0 0.1423611111111111 0.6388888888888888 0.24305555555555555 0.25555555555555554
0 0.14652777777777778 0.37160493827160496 0.23472222222222222 0.2691358024691358
0 0.3902777777777778 0.20864197530864198 0.3111111111111111 0.2691358024691358
0 0.6756944444444445 0.11358024691358025 0.2902777777777778 0.15061728395061727
0 0.9215277777777778 0.1685185185185185 0.14305555555555557 0.19876543209876543
0 0.8902777777777778 0.4611111111111111 0.225 0.19876543209876543
0 0.13055555555555556 0.1191358024691358 0.24166666666666667 0.21604938271604937
0 0.41111111111111115 0.044444444444444446 0.24722222222222223 0.07160493827160494
0 0.6597222222222222 0.04259259259259259 0.25833333333333336 0.0654320987654321
