0 0.16958333333333334 0.46944444444444444 0.16583333333333333 0.21888888888888888
0 0.22041666666666668 0.23777777777777778 0.1675 0.22666666666666666
0 0.7325 0.09666666666666666 0.14333333333333334 0.18222222222222223
0 0.6891666666666667 0.49722222222222223 0.15333333333333335 0.2677777777777778
0 0.8266666666666668 0.5188888888888888 0.11333333333333334 0.24
0 0.6941666666666667 0.8866666666666667 0.16333333333333333 0.21777777777777776
0 0.3041666666666667 0.7155555555555555 0.15833333333333335 0.23333333333333334
0 0.5383333333333333 0.515 0.16333333333333333 0.23222222222222222
0 0.4141666666666667 0.46111111111111114 0.12333333333333334 0.2311111111111111
0 0.5487500000000001 0.6588888888888889 0.1575 0.11333333333333333
0 0.5320833333333334 0.29055555555555557 0.1691666666666667 0.22333333333333333
