0 0.34803299492385786 0.4375 0.26078680203045684 0.3967391304347826
0 0.5539340101522843 0.6915760869565217 0.2652284263959391 0.29257246376811596
0 0.6164340101522842 0.40942028985507245 0.26713197969543145 0.4148550724637681
0 0.8705583756345177 0.5208333333333334 0.25253807106598986 0.49094202898550726
0 0.7430203045685279 0.7160326086956522 0.19416243654822332 0.2545289855072464
0 0.7845812182741116 0.28804347826086957 0.2112944162436548 0.3532608695652174
0 0.9406725888324873 0.23278985507246377 0.11230964467005075 0.34420289855072467
0 0.9238578680203045 0.8034420289855072 0.1484771573604061 0.07608695652173914
0 0.11357868020304568 0.5783514492753623 0.22208121827411165 0.41032608695652173
0 0.2519035532994924 0.7681159420289855 0.2715736040609137 0.1503623188405797
0 0.1005710659898477 0.26721014492753625 0.19606598984771573 0.25905797101449274
0 0.11992385786802029 0.10914855072463768 0.22715736040609136 0.17119565217391305
0 0.2934644670050761 0.15806159420289856 0.1681472081218274 0.17481884057971014
