0 0.14144736842105263 0.6232449297971919 0.2118421052631579 0.1840873634945398
0 0.13201754385964912 0.19110764430577223 0.0824561403508772 0.2698907956318253
0 0.18157894736842106 0.22854914196567863 0.09473684210526316 0.2480499219968799
0 0.24627192982456142 0.18642745709828393 0.06885964912280702 0.29017160686427457
0 0.2791666666666667 0.21450858034321374 0.050438596491228074 0.2589703588143526
0 0.3631578947368421 0.20397815912636505 0.07280701754385965 0.23946957878315134
0 0.18092105263157895 0.0998439937597504 0.12324561403508773 0.19032761310452417
0 0.02587719298245614 0.26053042121684866 0.04736842105263158 0.2886115444617785
0 0.029166666666666667 0.6384555382215289 0.05307017543859649 0.15522620904836193
0 0.38048245614035087 0.6887675507020281 0.19429824561403508 0.0670826833073323
0 0.4530701754385965 0.5109204368174727 0.17017543859649123 0.31201248049922
0 0.5447368421052632 0.20046801872074885 0.17543859649122806 0.3088923556942278
0 0.6640350877192983 0.4387675507020281 0.11315789473684211 0.45319812792511704
