0 0.2576844262295082 0.3233151183970856 0.1915983606557377 0.2568306010928962
0 0.36014344262295084 0.5673952641165756 0.23668032786885246 0.31876138433515483
0 0.6019467213114754 0.5856102003642987 0.1875 0.33697632058287796
0 0.819672131147541 0.644808743169399 0.2069672131147541 0.29508196721311475
0 0.9185450819672132 0.8460837887067395 0.14651639344262296 0.30783242258652094
0 0.6752049180327869 0.8469945355191257 0.2848360655737705 0.2877959927140255
0 0.4103483606557377 0.8588342440801457 0.24077868852459017 0.23497267759562843
0 0.29098360655737704 0.9553734061930783 0.2028688524590164 0.07468123861566485
0 0.19415983606557377 0.7413479052823315 0.26741803278688525 0.3970856102003643
0 0.08299180327868853 0.924408014571949 0.1639344262295082 0.13296903460837886
0 0.12653688524590165 0.4763205828779599 0.22028688524590165 0.29326047358834245
0 0.48104508196721313 0.3214936247723133 0.1875 0.29326047358834245
0 0.6798155737704918 0.37522768670309653 0.2223360655737705 0.3132969034608379
0 0.7546106557377049 0.24681238615664844 0.1793032786885246 0.2641165755919854
0 0.9180327868852459 0.42714025500910746 0.16803278688524592 0.23132969034608378
0 0.9257172131147542 0.23224043715846995 0.1444672131147541 0.23861566484517305
0 0.896516393442623 0.09289617486338798 0.16188524590163936 0.15664845173041894
0 0.7064549180327869 0.07377049180327869 0.18340163934426232 0.1366120218579235
0 0.5706967213114754 0.17577413479052822 0.20081967213114754 0.20218579234972678
0 0.3785860655737705 0.15391621129326047 0.1875 0.2459016393442623
0 0.19211065573770492 0.1575591985428051 0.2387295081967213 0.2204007285974499
0 0.08350409836065574 0.2750455373406193 0.1403688524590164 0.17486338797814208
0 0.0507172131147541 0.13479052823315119 0.08709016393442623 0.16393442622950818
