0 0.14805194805194805 0.6790123456790123 0.1264069264069264 0.20987654320987653
0 0.3385281385281385 0.912037037037037 0.11082251082251082 0.16666666666666666
0 0.3926406926406926 0.5609567901234568 0.13766233766233765 0.2391975308641975
0 0.49783549783549785 0.7037037037037037 0.12294372294372294 0.2067901234567901
0 0.5978354978354978 0.83179012345679 0.10649350649350649 0.2006172839506173
0 0.4121212121212121 0.33641975308641975 0.1264069264069264 0.21296296296296297
0 0.5255411255411255 0.46141975308641975 0.11774891774891774 0.21913580246913578
0 0.564069264069264 0.24459876543209874 0.11515151515151516 0.19907407407407407
0 0.6484848484848484 0.3950617283950617 0.11082251082251082 0.1882716049382716
0 0.6229437229437229 0.6157407407407407 0.12554112554112554 0.21604938271604937
0 0.7255411255411255 0.7384259259259259 0.10735930735930736 0.20833333333333331
0 0.8151515151515152 0.8888888888888888 0.1341991341991342 0.2006172839506173
0 0.919047619047619 0.9760802469135802 0.07878787878787878 0.041666666666666664
0 0.9437229437229437 0.8310185185185185 0.1038961038961039 0.21450617283950615
0 0.8554112554112554 0.662037037037037 0.1264069264069264 0.22839506172839505
0 0.9826839826839827 0.6550925925925926 0.03636363636363636 0.15277777777777776
