0 0.25384615384615383 0.6215384615384615 0.2123076923076923 0.20923076923076922
0 0.43538461538461537 0.7338461538461538 0.18153846153846154 0.18153846153846154
0 0.47384615384615386 0.6 0.12923076923076923 0.15384615384615385
0 0.5769230769230769 0.8015384615384615 0.20615384615384616 0.18153846153846154
0 0.8092307692307692 0.8353846153846154 0.20307692307692307 0.1753846153846154
0 0.6876923076923077 0.6676923076923077 0.18769230769230769 0.19692307692307692
0 0.8 0.5261538461538462 0.14769230769230768 0.13538461538461538
0 0.8046153846153846 0.6615384615384615 0.10153846153846154 0.12923076923076923
0 0.9184615384615384 0.6153846153846154 0.1076923076923077 0.11692307692307692
0 0.8861538461538462 0.7569230769230769 0.15384615384615385 0.12923076923076923
0 0.9723076923076923 0.8076923076923077 0.11076923076923077 0.18153846153846154
0 0.9230769230769231 0.9446153846153846 0.19076923076923077 0.10461538461538461
0 0.7446153846153846 0.9646153846153847 0.14153846153846153 0.08923076923076922
0 0.5323076923076923 0.9307692307692308 0.23384615384615384 0.15076923076923077
0 0.32769230769230767 0.8692307692307693 0.18769230769230769 0.10153846153846154
0 0.3384615384615385 0.9492307692307692 0.2153846153846154 0.08307692307692308
0 0.15076923076923077 0.9492307692307692 0.2153846153846154 0.09538461538461539
0 0.06461538461538462 0.8338461538461538 0.09846153846153846 0.15384615384615385
0 0.12 0.6707692307692308 0.16615384615384615 0.1723076923076923
0 0.07846153846153846 0.48307692307692307 0.11384615384615385 0.13538461538461538
0 0.23076923076923078 0.31384615384615383 0.13538461538461538 0.16615384615384615
0 0.30923076923076925 0.46615384615384614 0.14461538461538462 0.09538461538461539
0 0.45384615384615384 0.38153846153846155 0.1753846153846154 0.19692307692307692
0 0.6030769230769231 0.4 0.17846153846153845 0.14769230769230768
0 0.8738461538461538 0.39692307692307693 0.16 0.14769230769230768
0 0.9476923076923077 0.26 0.14153846153846153 0.15692307692307692
0 0.7523076923076923 0.24769230769230768 0.14461538461538462 0.15692307692307692
0 0.5923076923076923 0.25076923076923074 0.2123076923076923 0.13846153846153847
0 0.36 0.22 0.16615384615384615 0.12615384615384614
0 0.14153846153846153 0.24769230769230768 0.15384615384615385 0.12615384615384614
0 0.06461538461538462 0.09846153846153846 0.11692307692307692 0.16
0 0.22615384615384615 0.13230769230769232 0.18153846153846154 0.11692307692307692
0 0.45692307692307693 0.11846153846153847 0.16307692307692306 0.09538461538461539
0 0.6430769230769231 0.11384615384615385 0.1723076923076923 0.10461538461538461
0 0.84 0.11846153846153847 0.1723076923076923 0.13230769230769232
0 0.9738461538461538 0.12461538461538461 0.06461538461538462 0.12615384615384614
