0 0.187 0.432 0.20800000000000002 0.14200000000000002
0 0.196 0.5755 0.222 0.223
0 0.3385 0.677 0.23700000000000002 0.278
0 0.523 0.776 0.28 0.28
0 0.779 0.721 0.266 0.316
0 0.5675 0.5905 0.23500000000000001 0.269
0 0.799 0.512 0.226 0.244
0 0.8095 0.328 0.201 0.18
0 0.61 0.40850000000000003 0.196 0.177
0 0.41300000000000003 0.4995 0.244 0.267
0 0.4325 0.281 0.20500000000000002 0.214
0 0.34500000000000003 0.39 0.134 0.138
0 0.2485 0.3045 0.17300000000000001 0.14100000000000001
0 0.3145 0.2145 0.147 0.137
0 0.458 0.17 0.108 0.106
0 0.586 0.133 0.20800000000000002 0.2
0 0.716 0.2425 0.212 0.147
0 0.5765 0.274 0.145 0.12
