0 0.15292792792792792 0.5753205128205128 0.21486486486486486 0.3092948717948718
0 0.24144144144144145 0.2708333333333333 0.1837837837837838 0.33974358974358976
0 0.3612612612612613 0.5292467948717948 0.18288288288288287 0.31490384615384615
0 0.6150900900900901 0.5376602564102564 0.20315315315315316 0.3862179487179487
0 0.6628378378378379 0.26482371794871795 0.13648648648648648 0.31810897435897434
0 0.49436936936936937 0.38381410256410253 0.1463963963963964 0.22596153846153846
0 0.40765765765765766 0.2203525641025641 0.15945945945945947 0.27724358974358976
0 0.5137387387387388 0.0689102564102564 0.1662162162162162 0.12179487179487179
0 0.30585585585585584 0.046875 0.16666666666666666 0.0889423076923077
0 0.11621621621621622 0.04807692307692307 0.16306306306306306 0.08173076923076923
0 0.028153153153153154 0.14342948717948717 0.05 0.1971153846153846
0 0.10067567567567567 0.2864583333333333 0.13288288288288289 0.3068910256410256
0 0.031081081081081083 0.547676282051282 0.05405405405405406 0.2828525641025641
