0 0.2490740740740741 0.425 0.21666666666666667 0.22777777777777777
0 0.32407407407407407 0.31851851851851853 0.23333333333333334 0.1962962962962963
0 0.6425925925925926 0.35833333333333334 0.17407407407407408 0.1388888888888889
0 0.7648148148148148 0.13611111111111113 0.17037037037037037 0.1388888888888889
0 0.8453703703703704 0.23611111111111113 0.1537037037037037 0.10555555555555556
0 0.7148148148148148 0.500925925925926 0.22962962962962963 0.17962962962962964
0 0.6101851851851852 0.6518518518518519 0.21666666666666667 0.21481481481481482
0 0.8 0.6824074074074075 0.20370370370370372 0.1537037037037037
0 0.8148148148148149 0.7787037037037038 0.23703703703703705 0.1685185185185185
0 0.08055555555555556 0.7796296296296297 0.1277777777777778 0.20370370370370372
0 0.2990740740740741 0.6546296296296297 0.20185185185185187 0.1425925925925926
0 0.10740740740740741 0.19907407407407407 0.17407407407407408 0.12037037037037038
0 0.09814814814814815 0.07037037037037037 0.10370370370370371 0.06296296296296297
