0 0.18701298701298702 0.7970679012345678 0.16277056277056276 0.2515432098765432
0 0.36493506493506495 0.8881172839506173 0.23463203463203464 0.2175925925925926
0 0.4536796536796537 0.6427469135802468 0.16796536796536796 0.32253086419753085
0 0.6060606060606061 0.8225308641975309 0.1696969696969697 0.2777777777777778
0 0.8021645021645022 0.6766975308641975 0.21038961038961038 0.38425925925925924
0 0.9082251082251083 0.8958333333333333 0.1748917748917749 0.18364197530864196
0 0.745021645021645 0.9552469135802468 0.15151515151515152 0.08024691358024691
0 0.9523809523809523 0.6427469135802468 0.09004329004329004 0.33487654320987653
0 0.9549783549783549 0.30787037037037035 0.08138528138528138 0.30709876543209874
0 0.8008658008658008 0.29552469135802467 0.18181818181818182 0.3472222222222222
0 0.8904761904761904 0.08024691358024691 0.19134199134199134 0.1450617283950617
0 0.6116883116883117 0.14969135802469136 0.2 0.2716049382716049
0 0.6103896103896104 0.4699074074074074 0.19047619047619047 0.3317901234567901
0 0.4341991341991342 0.29243827160493824 0.21038961038961038 0.316358024691358
0 0.24935064935064935 0.21064814814814814 0.16103896103896104 0.23302469135802467
0 0.2779220779220779 0.5239197530864197 0.18701298701298702 0.2978395061728395
0 0.09610389610389611 0.4884259259259259 0.17835497835497835 0.3595679012345679
0 0.08311688311688312 0.1558641975308642 0.15757575757575756 0.28703703703703703
0 0.21515151515151515 0.016975308641975308 0.13073593073593073 0.021604938271604937
0 0.4103896103896104 0.05555555555555555 0.17835497835497835 0.09259259259259259
