0 0.04166666666666667 0.20167286245353158 0.043333333333333335 0.0762081784386617
0 0.13 0.3150557620817844 0.065 0.09479553903345725
0 0.19625 0.3931226765799256 0.04416666666666667 0.10966542750929367
0 0.24333333333333335 0.44609665427509293 0.08 0.13011152416356878
0 0.1729166666666667 0.5325278810408922 0.07416666666666667 0.15055762081784385
0 0.23083333333333333 0.5920074349442379 0.07833333333333334 0.15799256505576206
0 0.3091666666666667 0.6886617100371747 0.07166666666666667 0.1691449814126394
0 0.3725 0.7908921933085501 0.060000000000000005 0.13940520446096655
0 0.3191666666666667 0.8940520446096654 0.07166666666666667 0.1486988847583643
0 0.25625000000000003 0.7992565055762081 0.07416666666666667 0.17843866171003717
0 0.24958333333333335 0.9507434944237918 0.0775 0.10223048327137546
0 0.16458333333333333 0.9014869888475836 0.08416666666666667 0.15613382899628253
0 0.07291666666666667 0.8522304832713754 0.10583333333333333 0.21003717472118957
0 0.17416666666666666 0.7304832713754646 0.10666666666666667 0.23048327137546468
0 0.08208333333333334 0.6152416356877323 0.06916666666666667 0.15985130111524162
0 0.1325 0.6059479553903345 0.055 0.16356877323420074
0 0.11 0.7453531598513011 0.07666666666666667 0.12267657992565055
0 0.10458333333333333 0.42936802973977695 0.0675 0.17843866171003717
0 0.03833333333333334 0.3931226765799256 0.065 0.17286245353159851
0 0.037500000000000006 0.5362453531598512 0.05333333333333334 0.10223048327137546
0 0.39625000000000005 0.13847583643122677 0.08416666666666667 0.20260223048327136
0 0.3816666666666667 0.3141263940520446 0.07166666666666667 0.17843866171003717
0 0.4179166666666667 0.37639405204460963 0.05583333333333334 0.19888475836431227
0 0.31375000000000003 0.25464684014869887 0.060833333333333336 0.1895910780669145
0 0.3166666666666667 0.09944237918215613 0.06166666666666667 0.15427509293680297
0 0.2625 0.22026022304832713 0.04833333333333334 0.1319702602230483
0 0.23500000000000001 0.1775092936802974 0.055 0.15055762081784385
0 0.22708333333333336 0.061338289962825275 0.07416666666666667 0.12267657992565055
0 0.19125 0.13847583643122677 0.052500000000000005 0.11710037174721188
0 0.13083333333333333 0.07899628252788103 0.05333333333333334 0.120817843866171
0 0.09291666666666668 0.1319702602230483 0.05583333333333334 0.11524163568773234
0 0.14083333333333334 0.1923791821561338 0.06166666666666667 0.10223048327137546
0 0.17500000000000002 0.04925650557620818 0.043333333333333335 0.061338289962825275
