0 0.13903508771929826 0.9002808988764045 0.16578947368421054 0.19101123595505617
0 0.30964912280701756 0.8539325842696629 0.1649122807017544 0.26123595505617975
0 0.18903508771929825 0.7394662921348314 0.15526315789473685 0.13904494382022473
0 0.23903508771929824 0.5491573033707865 0.1394736842105263 0.2050561797752809
0 0.13508771929824562 0.49719101123595505 0.12456140350877193 0.21067415730337077
0 0.20350877192982456 0.33707865168539325 0.1385964912280702 0.19382022471910113
0 0.29517543859649126 0.48174157303370785 0.0780701754385965 0.16292134831460675
0 0.3925438596491228 0.2563202247191011 0.12017543859649123 0.1643258426966292
0 0.4723684210526316 0.36095505617977525 0.11315789473684211 0.12640449438202248
0 0.5714912280701755 0.425561797752809 0.1307017543859649 0.10393258426966293
0 0.5921052631578948 0.25702247191011235 0.11578947368421053 0.16292134831460675
0 0.7035087719298245 0.3026685393258427 0.1473684210526316 0.18679775280898875
0 0.7521929824561404 0.20294943820224717 0.15526315789473685 0.16151685393258428
0 0.47850877192982455 0.15870786516853932 0.13596491228070176 0.16853932584269662
0 0.9175438596491228 0.5667134831460674 0.10877192982456141 0.1952247191011236
0 0.8956140350877193 0.5154494382022472 0.11228070175438597 0.2556179775280899
0 0.9842105263157895 0.5702247191011236 0.03333333333333333 0.16573033707865167
