0 0.15285714285714286 0.4022842639593908 0.3 0.5456852791878172
0 0.47714285714285715 0.46573604060913704 0.3 0.6421319796954315
0 0.7535714285714286 0.4898477157360406 0.2357142857142857 0.5126903553299492
0 0.9178571428571428 0.21700507614213196 0.16142857142857142 0.39340101522842635
0 0.9328571428571428 0.6687817258883249 0.12285714285714286 0.39847715736040606
0 0.7278571428571429 0.9238578680203045 0.25857142857142856 0.14720812182741116
0 0.38785714285714284 0.8756345177664974 0.30428571428571427 0.25888324873096447
0 0.12928571428571428 0.8134517766497461 0.24428571428571427 0.3578680203045685
0 0.18 0.12309644670050761 0.2542857142857143 0.20558375634517764
0 0.4357142857142857 0.11294416243654821 0.26 0.19543147208121825
0 0.6942857142857143 0.149746192893401 0.24 0.24873096446700504
