0 0.26552287581699346 0.5 0.2042483660130719 0.2712418300653595
0 0.5179738562091504 0.34885620915032683 0.20261437908496732 0.22712418300653595
0 0.7524509803921569 0.17483660130718956 0.2173202614379085 0.22549019607843138
0 0.9321895424836601 0.0784313725490196 0.10294117647058824 0.13071895424836602
0 0.9526143790849674 0.3651960784313726 0.09477124183006536 0.2434640522875817
0 0.7589869281045751 0.5122549019607844 0.2173202614379085 0.24019607843137256
0 0.9526143790849674 0.6928104575163399 0.09477124183006536 0.21241830065359477
0 0.7352941176470589 0.8537581699346406 0.2777777777777778 0.22058823529411764
0 0.9616013071895425 0.9599673202614379 0.08660130718954248 0.08660130718954248
0 0.9583333333333334 0.9616013071895425 0.07679738562091504 0.057189542483660136
0 0.5155228758169935 0.9468954248366014 0.2173202614379085 0.11274509803921569
0 0.2728758169934641 0.8382352941176471 0.23529411764705882 0.22222222222222224
0 0.5318627450980392 0.6642156862745098 0.1781045751633987 0.25326797385620914
0 0.06699346405228758 0.667483660130719 0.11111111111111112 0.23692810457516342
0 0.09068627450980392 0.9313725490196079 0.08333333333333334 0.13071895424836602
0 0.06699346405228758 0.35294117647058826 0.10784313725490197 0.26143790849673204
0 0.2720588235294118 0.17483660130718956 0.2042483660130719 0.23529411764705882
0 0.49754901960784315 0.07679738562091504 0.1911764705882353 0.13398692810457516
0 0.06372549019607843 0.07434640522875817 0.0784313725490196 0.14869281045751634
