0 0.09912109375 0.32861328125 0.1162109375 0.1044921875
0 0.1650390625 0.41064453125 0.099609375 0.1064453125
0 0.21728515625 0.31689453125 0.1083984375 0.1083984375
0 0.27978515625 0.27880859375 0.0947265625 0.0869140625
0 0.3125 0.376953125 0.095703125 0.080078125
0 0.25390625 0.43603515625 0.083984375 0.1044921875
0 0.31689453125 0.4609375 0.0595703125 0.083984375
0 0.23095703125 0.49609375 0.0908203125 0.05078125
0 0.1416015625 0.45263671875 0.099609375 0.0908203125
0 0.07080078125 0.45947265625 0.0947265625 0.0888671875
0 0.025390625 0.373046875 0.033203125 0.0546875
0 0.08544921875 0.2275390625 0.0966796875 0.0859375
0 0.1875 0.2373046875 0.111328125 0.083984375
0 0.29833984375 0.2041015625 0.0791015625 0.0546875
0 0.3408203125 0.26318359375 0.0234375 0.0732421875
0 0.451171875 0.3876953125 0.146484375 0.240234375
0 0.6298828125 0.38525390625 0.17578125 0.2392578125
0 0.18310546875 0.6943359375 0.2705078125 0.275390625
