0 0.4466666666666667 0.645 0.21333333333333335 0.18666666666666668
0 0.5675 0.5083333333333334 0.18500000000000003 0.11
0 0.7191666666666667 0.6441666666666667 0.29500000000000004 0.26833333333333337
0 0.8325 0.5708333333333334 0.21500000000000002 0.17500000000000002
0 0.47750000000000004 0.4083333333333334 0.18833333333333335 0.09333333333333334
0 0.6475000000000001 0.45833333333333337 0.23500000000000001 0.14
0 0.34750000000000003 0.5475 0.18166666666666667 0.15833333333333335
0 0.41833333333333333 0.4683333333333334 0.15000000000000002 0.10666666666666667
0 0.30000000000000004 0.4675 0.09666666666666668 0.028333333333333335
0 0.14750000000000002 0.525 0.21166666666666667 0.14666666666666667
