0 0.26757188498402557 0.6534772182254196 0.24121405750798722 0.3333333333333333
0 0.47603833865814693 0.7194244604316546 0.18849840255591055 0.3213429256594724
0 0.6317891373801917 0.619904076738609 0.21884984025559104 0.2949640287769784
0 0.7915335463258786 0.7386091127098321 0.18690095846645366 0.31654676258992803
0 0.9249201277955271 0.5443645083932853 0.134185303514377 0.28297362110311747
0 0.9496805111821086 0.8525179856115107 0.09105431309904152 0.22781774580335729
0 0.7611821086261981 0.9412470023980815 0.1900958466453674 0.09832134292565947
0 0.590255591054313 0.9148681055155875 0.21884984025559104 0.11750599520383692
0 0.3746006389776358 0.9184652278177458 0.21246006389776356 0.1726618705035971
0 0.08226837060702875 0.869304556354916 0.15495207667731628 0.21822541966426856
0 0.06070287539936102 0.5419664268585132 0.10543130990415335 0.21103117505995203
0 0.08146964856230032 0.23860911270983212 0.13738019169329074 0.2949640287769784
0 0.2939297124600639 0.2709832134292566 0.2268370607028754 0.27817745803357313
0 0.4712460063897763 0.4028776978417266 0.21405750798722045 0.28776978417266186
0 0.7324281150159744 0.3333333333333333 0.1964856230031949 0.27817745803357313
0 0.9289137380191693 0.1882494004796163 0.11980830670926518 0.20383693045563547
0 0.8945686900958466 0.3333333333333333 0.18849840255591055 0.19664268585131894
0 0.7843450479233226 0.08393285371702637 0.20766773162939295 0.16306954436450838
0 0.5662939297124601 0.1486810551558753 0.2571884984025559 0.19664268585131894
0 0.36022364217252395 0.07314148681055155 0.20926517571884984 0.05515587529976019
0 0.16773162939297123 0.06834532374100719 0.23003194888178913 0.11750599520383692
