0 0.10520833333333333 0.11259541984732824 0.10625 0.1946564885496183
0 0.21666666666666667 0.11641221374045801 0.10416666666666667 0.18702290076335878
0 0.33229166666666665 0.12786259541984732 0.10625 0.16412213740458015
0 0.440625 0.10305343511450381 0.10208333333333333 0.19083969465648853
0 0.5520833333333334 0.12404580152671756 0.10833333333333334 0.16412213740458015
0 0.6625 0.12022900763358778 0.0875 0.1946564885496183
0 0.771875 0.11450381679389313 0.08958333333333333 0.183206106870229
0 0.88125 0.12022900763358778 0.12083333333333333 0.17938931297709923
0 0.12708333333333333 0.31679389312977096 0.10833333333333334 0.183206106870229
0 0.23333333333333334 0.31679389312977096 0.1 0.183206106870229
0 0.3416666666666667 0.32251908396946566 0.09583333333333333 0.17175572519083968
0 0.44375 0.3187022900763359 0.1 0.17175572519083968
0 0.5458333333333333 0.3129770992366412 0.1 0.16030534351145037
0 0.6552083333333333 0.3110687022900763 0.09375 0.20229007633587787
0 0.7666666666666666 0.3282442748091603 0.08333333333333333 0.17557251908396945
0 0.8770833333333333 0.299618320610687 0.1 0.21755725190839695
0 0.13020833333333334 0.5114503816793893 0.11458333333333333 0.1984732824427481
0 0.23958333333333334 0.5229007633587786 0.10416666666666667 0.16793893129770993
0 0.340625 0.5038167938931297 0.10208333333333333 0.1984732824427481
0 0.45 0.5095419847328244 0.10416666666666667 0.1946564885496183
0 0.5541666666666667 0.5133587786259541 0.10833333333333334 0.20229007633587787
0 0.6666666666666666 0.5133587786259541 0.11666666666666667 0.20229007633587787
0 0.7635416666666667 0.5305343511450381 0.09791666666666667 0.1984732824427481
0 0.8791666666666667 0.5229007633587786 0.10416666666666667 0.17557251908396945
0 0.13020833333333334 0.6946564885496183 0.09791666666666667 0.13740458015267176
0 0.23020833333333332 0.6965648854961832 0.09375 0.13358778625954199
0 0.3229166666666667 0.6908396946564885 0.09583333333333333 0.12213740458015267
0 0.421875 0.6927480916030534 0.08958333333333333 0.16412213740458015
0 0.5197916666666667 0.6965648854961832 0.08958333333333333 0.1946564885496183
0 0.6083333333333333 0.700381679389313 0.09583333333333333 0.1564885496183206
0 0.7072916666666667 0.6946564885496183 0.08541666666666667 0.1450381679389313
0 0.7979166666666666 0.7041984732824427 0.07916666666666666 0.12595419847328243
0 0.8958333333333334 0.6889312977099237 0.1 0.14885496183206107
0 0.128125 0.8721374045801527 0.10625 0.14885496183206107
0 0.23958333333333334 0.866412213740458 0.1125 0.21374045801526717
0 0.35 0.8645038167938931 0.09166666666666666 0.16412213740458015
0 0.4510416666666667 0.8740458015267175 0.09791666666666667 0.17557251908396945
0 0.5520833333333334 0.8797709923664122 0.1 0.18702290076335878
0 0.6583333333333333 0.8950381679389313 0.13333333333333333 0.1564885496183206
0 0.7760416666666666 0.8816793893129771 0.09791666666666667 0.17557251908396945
0 0.8885416666666667 0.8778625954198473 0.12708333333333333 0.21374045801526717
