0 0.7371428571428571 0.5088832487309645 0.4057142857142857 0.6218274111675126
0 0.7585714285714286 0.8895939086294415 0.3657142857142857 0.20558375634517764
0 0.4157142857142857 0.9365482233502538 0.2914285714285714 0.12182741116751268
0 0.14214285714285715 0.7626903553299492 0.2785714285714286 0.4695431472081218
0 0.44857142857142857 0.6662436548223349 0.32571428571428573 0.565989847715736
0 0.18142857142857144 0.33375634517766495 0.3342857142857143 0.49999999999999994
0 0.475 0.2309644670050761 0.2757142857142857 0.3045685279187817
0 0.8035714285714286 0.17005076142131978 0.28714285714285714 0.3045685279187817
0 0.9678571428571429 0.44670050761421315 0.06142857142857143 0.3908629441624365
0 0.9492857142857143 0.8121827411167513 0.09 0.3299492385786802
