0 0.21637816245006658 0.4231536926147704 0.20639147802929428 0.24351297405189617
0 0.16910785619174434 0.2085828343313373 0.17576564580559256 0.18562874251497005
0 0.32956058588548603 0.10778443113772454 0.19840213049267644 0.155688622754491
0 0.5033288948069241 0.15469061876247503 0.15712383488681758 0.18562874251497005
0 0.5672436750998668 0.24151696606786424 0.1837549933422104 0.24351297405189617
0 0.6957390146471372 0.29441117764471053 0.13715046604527298 0.2614770459081836
0 0.7536617842876165 0.4271457085828343 0.1837549933422104 0.3073852295409181
0 0.8961384820239681 0.5039920159680639 0.17842876165113183 0.30938123752495006
0 0.8788282290279628 0.7934131736526946 0.20239680426098536 0.3133732534930139
0 0.6997336884154461 0.8952095808383232 0.21438082556591212 0.16966067864271456
0 0.7097203728362185 0.6656686626746506 0.16245006657789615 0.20159680638722552
0 0.5525965379494009 0.5888223552894211 0.151797603195739 0.27544910179640714
0 0.4107856191744341 0.45109780439121755 0.1318242343541944 0.16367265469061876
0 0.3881491344873502 0.7994011976047903 0.25166444740346205 0.2934131736526946
0 0.17709720372836218 0.841317365269461 0.15978695073235688 0.21357285429141715
0 0.3774966711051931 0.9221556886227544 0.1504660452729694 0.16367265469061876
0 0.7603195739014648 0.12375249500998003 0.2130492676431425 0.1716566866267465
0 0.9141145139813582 0.18662674650698602 0.14247669773635155 0.2335329341317365
0 0.0559254327563249 0.47604790419161674 0.10386151797603196 0.23752495009980037
0 0.04460719041278296 0.7395209580838322 0.06790945406125166 0.26546906187624747
