0 0.5703125 0.7583333333333334 0.465625 0.44722222222222224
0 0.6536458333333334 0.4395833333333333 0.278125 0.4152777777777778
0 0.9255208333333333 0.3736111111111111 0.153125 0.4222222222222222
0 0.7458333333333333 0.16944444444444445 0.26875 0.26944444444444443
0 0.47291666666666665 0.22777777777777777 0.21666666666666667 0.31666666666666665
0 0.3463541666666667 0.53125 0.334375 0.4708333333333333
0 0.09114583333333333 0.6090277777777778 0.16770833333333332 0.5291666666666667
0 0.14270833333333333 0.30833333333333335 0.23124999999999998 0.26666666666666666
0 0.2708333333333333 0.14097222222222222 0.24583333333333332 0.25416666666666665
0 0.5260416666666666 0.07291666666666667 0.2604166666666667 0.14027777777777778
