0 0.4605 0.5089955022488756 0.459 0.6671664167916042
0 0.541 0.8980509745127436 0.384 0.17991004497751123
0 0.878 0.8958020989505248 0.244 0.19040479760119938
0 0.9285 0.6986506746626686 0.127 0.19790104947526235
0 0.7245 0.7638680659670165 0.277 0.2773613193403298
0 0.865 0.4835082458770614 0.256 0.32533733133433285
0 0.7245 0.37181409295352325 0.23500000000000001 0.3298350824587706
0 0.8825000000000001 0.15667166416791603 0.223 0.29535232383808097
0 0.1565 0.41904047976011993 0.279 0.2083958020989505
0 0.2135 0.724887556221889 0.337 0.41529235382308843
0 0.202 0.9385307346326837 0.32 0.11094452773613193
0 0.0685 0.8620689655172413 0.129 0.239880059970015
0 0.0385 0.5817091454272864 0.065 0.36881559220389803
0 0.127 0.18440779610194902 0.242 0.2578710644677661
0 0.375 0.09520239880059969 0.28200000000000003 0.1664167916041979
0 0.633 0.1431784107946027 0.23 0.11544227886056971
